1701 249
1701 40
1701 51
747 54
748 738
749 411
749 110
751 750
752 753
752 303
154 154
154 155
154 219
154 919
155 155
155 219
753 179
753 303
753 451
156 158
755 405
755 554
1702 0
1702 1437
18 159
756 147
756 148
757 69
758 758
758 25
758 882
19 0
19 453
19 475
20 18
20 19
20 20
20 21
759 647
760 0
760 453
760 463
761 0
21 412
21 475
762 0
764 763
765 1581
766 766
766 0
766 13
767 767
767 55
767 138
1703 155
1704 54
1704 0
1704 411
1704 1269
157 157
157 379
768 768
769 849
769 234
769 954
770 50
1705 170
1706 188
1706 336
1706 356
1706 66
1706 93
1706 96
1707 379
1708 429
1708 93
1708 13
22 22
22 0
771 771
771 803
771 189
771 940
771 356
771 1279
771 1280
771 91
771 93
771 94
771 103
1709 182
772 1237
772 483
772 487
773 772
773 773
773 1237
773 483
773 534
774 774
774 0
776 776
776 1087
776 343
776 429
776 529
777 66
777 90
778 156
778 779
778 1035
778 1036
778 289
778 290
778 291
778 292
778 293
778 82
778 107
778 695
779 289
779 290
779 292
779 293
779 694
780 781
1710 217
782 76
783 783
783 997
783 1070
783 0
783 1389
783 1406
783 1413
783 1435
783 733
783 735
784 223
784 48
160 90
786 240
786 291
786 58
786 705
161 161
161 64
787 2
787 230
787 231
787 326
787 348
787 66
787 85
787 93
787 583
787 138
787 13
788 788
788 332
788 416
788 449
789 107
790 956
791 791
791 267
163 164
163 303
165 165
165 303
165 134
166 51
166 52
166 55
166 595
2 66
2 85
2 93
2 94
2 95
2 13
793 154
793 380
794 13
796 797
796 1018
796 0
796 529
796 530
796 1384
796 1388
796 1389
796 593
796 722
796 735
797 0
797 1
798 796
798 797
798 1072
798 1295
798 722
799 947
799 65
799 635
3 2
3 3
3 1012
3 345
3 357
3 360
3 92
3 93
3 94
3 96
800 800
800 529
802 445
802 446
803 91
804 347
805 54
806 929
806 381
806 439
806 1504
807 807
807 808
807 195
807 198
807 1127
807 373
807 52
807 523
807 628
807 679
807 704
807 706
807 1697
808 807
808 808
808 810
808 25
808 195
808 198
808 359
808 0
808 14
809 34
810 758
810 807
810 25
810 198
810 882
810 0
811 184
811 1127
811 1128
811 715
813 64
813 79
814 64
814 470
815 405
816 27
816 1088
816 1106
167 274
168 168
168 179
168 273
168 274
169 170
169 174
170 170
170 173
170 362
170 364
170 69
171 155
171 171
171 219
172 168
172 273
172 274
173 155
173 179
173 69
174 170
174 83
175 172
175 273
175 274
175 1037
176 1052
817 793
817 52
817 55
817 60
178 234
179 219
818 510
818 511
180 137
25 27
25 194
25 195
25 196
25 197
25 198
25 0
819 261
819 1568
819 1643
820 114
821 395
26 3
26 173
26 179
26 26
26 182
26 853
26 218
26 330
26 346
26 66
26 1299
26 87
26 88
26 93
26 94
26 13
26 148
822 155
822 273
822 328
822 554
823 957
181 181
181 221
182 0
182 93
182 678
182 13
825 994
183 114
184 183
184 184
826 235
827 828
829 831
830 832
832 830
832 1517
832 1518
833 1260
833 1273
4 2
4 355
4 66
4 93
834 835
835 864
836 341
836 0
836 1236
836 463
838 837
839 839
839 889
840 16
840 17
185 260
185 394
841 49
841 50
841 76
842 306
843 366
843 1250
844 190
844 191
844 192
844 262
845 155
845 219
845 1031
845 1080
845 313
845 328
845 554
845 83
188 345
188 356
188 93
189 2
189 178
189 843
189 189
189 901
189 1048
189 366
189 431
189 1250
189 66
189 90
189 91
189 93
189 94
189 133
189 704
190 189
190 190
190 191
191 844
191 190
191 191
191 192
191 926
191 238
191 262
191 66
191 613
191 135
192 189
192 190
192 191
192 192
192 238
192 1028
193 507
193 508
193 509
846 0
846 66
848 54
849 494
849 495
850 848
850 849
850 851
851 769
851 848
851 849
851 871
852 134
855 295
855 585
855 586
855 641
856 855
856 878
856 295
856 586
857 977
857 294
857 443
857 586
857 636
857 641
858 182
858 0
858 539
859 8
859 67
194 668
195 194
195 668
196 194
196 196
196 198
197 194
197 198
197 668
198 194
198 195
198 197
198 1148
198 668
198 679
860 861
860 862
860 199
860 40
860 152
861 860
861 899
861 273
861 1251
861 565
862 199
862 40
862 152
200 299
863 483
863 519
28 781
28 226
28 54
865 782
865 76
866 432
867 64
867 121
201 66
201 704
202 201
202 66
868 77
203 29
203 93
203 94
204 2
204 91
204 93
204 94
204 95
204 579
204 729
205 2
205 189
205 204
205 345
205 87
205 91
205 98
869 183
869 64
869 79
869 588
869 723
206 406
870 27
870 965
871 848
207 207
207 572
872 818
872 872
873 873
873 966
873 967
873 647
873 129
873 130
874 530
874 592
874 721
875 0
875 1360
876 0
877 788
877 890
877 449
878 856
878 878
878 586
878 699
879 164
879 100
879 107
879 681
880 164
880 880
880 910
880 1033
880 422
880 584
881 256
881 257
881 277
881 278
881 279
882 758
882 25
883 811
883 715
884 986
884 453
884 475
210 209
210 211
210 633
212 209
212 210
212 211
212 633
885 267
885 285
886 1006
886 1048
886 366
888 282
888 408
888 683
890 788
890 449
892 345
892 357
892 66
892 93
892 711
214 524
215 214
215 380
216 818
216 216
216 511
894 894
29 29
895 0
896 1101
898 3
898 443
898 94
217 217
217 390
899 753
899 199
899 40
899 545
900 900
900 64
901 843
901 228
901 366
902 902
902 903
902 81
903 179
903 903
904 904
904 30
904 688
905 299
905 460
906 906
906 432
906 1329
906 1336
907 907
907 357
907 93
908 908
908 909
909 908
909 909
910 880
910 1033
910 584
219 155
219 665
912 368
913 170
913 364
221 0
914 2
914 3
914 35
914 305
914 547
916 792
916 27
916 54
917 170
917 917
917 1037
917 69
918 918
918 225
918 226
919 154
920 55
920 405
223 223
223 48
224 223
224 224
922 921
922 1067
923 176
923 43
923 44
923 45
923 78
924 187
924 45
926 27
926 93
926 13
927 928
928 927
928 1644
929 929
929 443
930 977
930 980
930 983
930 443
930 1318
930 1326
930 1630
930 1631
930 636
932 23
5 155
5 69
229 177
229 178
229 179
229 180
232 177
232 228
233 177
233 228
233 230
933 854
933 1287
934 755
934 41
934 480
934 73
934 83
934 145
935 220
935 934
935 999
935 1032
935 41
935 482
935 72
935 73
935 526
936 7
937 29
937 291
937 704
937 705
939 252
939 52
939 73
235 1507
235 1517
235 1518
940 354
940 64
940 66
940 91
236 826
30 30
30 0
30 551
941 409
941 125
942 1090
943 820
943 115
31 30
944 155
944 26
944 219
944 313
944 328
944 329
944 83
945 13
946 27
946 972
32 32
32 391
32 64
32 65
32 116
237 865
948 519
949 950
949 390
238 188
238 189
238 190
238 191
238 192
951 762
951 875
951 54
951 0
951 408
951 475
951 1309
951 1360
951 1375
951 659
951 674
951 688
951 738
952 375
952 0
952 137
953 778
953 779
953 290
953 292
953 293
953 694
955 219
955 716
956 223
958 29
958 958
958 969
958 304
958 48
958 74
958 75
240 154
959 1132
961 580
33 332
33 487
962 762
962 766
962 776
962 159
962 785
962 182
962 846
962 874
962 875
962 888
962 895
962 30
962 241
962 962
962 997
962 1018
962 282
962 1040
962 1065
962 1109
962 338
962 341
962 342
962 1131
962 365
962 1156
962 1157
962 397
962 399
962 0
962 408
962 429
962 1
962 453
962 463
962 478
962 1295
962 1300
962 1303
962 1309
962 529
962 530
962 531
962 539
962 1352
962 1353
962 1354
962 1355
962 1356
962 1357
962 1358
962 1359
962 1360
962 1361
962 1362
962 1363
962 1364
962 1365
962 1366
962 1367
962 1368
962 551
962 1405
962 1408
962 1420
962 555
962 564
962 674
962 681
962 683
962 688
962 142
962 721
962 722
962 736
962 738
962 741
962 742
963 963
963 0
964 964
964 303
964 41
964 318
964 319
964 320
964 321
964 322
964 73
964 83
968 556
968 656
969 29
34 37
970 971
970 0
970 408
970 453
970 475
970 66
970 1302
970 141
971 986
971 453
971 1573
243 243
244 350
244 0
244 408
244 412
244 453
244 454
6 6
972 27
972 261
972 298
972 1180
245 696
247 0
247 144
249 248
249 250
249 40
249 68
249 545
249 145
250 158
250 260
973 973
973 118
251 161
251 28
251 226
251 929
251 930
251 931
251 232
251 50
251 54
251 58
251 415
251 432
251 443
251 76
251 111
251 636
251 681
252 793
252 381
252 52
252 55
252 58
252 60
253 253
253 635
254 155
254 179
254 254
254 255
255 254
256 257
256 1005
256 277
256 278
256 76
257 817
257 255
257 1005
257 277
257 278
974 27
974 323
974 411
258 258
258 259
259 693
975 27
975 66
975 94
975 1476
976 226
976 443
976 1632
977 226
977 976
977 1630
978 226
978 54
980 984
980 443
980 1326
980 586
980 1574
980 1630
980 1631
980 1633
980 636
982 824
982 509
983 1574
983 1629
983 636
984 857
984 977
984 443
984 1318
984 1574
984 1630
984 636
985 985
985 282
985 0
985 453
986 0
986 453
986 475
987 987
987 988
988 184
988 1105
988 1158
988 1502
988 1582
988 115
989 401
990 990
991 162
991 990
991 991
992 2
992 66
992 85
992 93
993 415
995 93
36 1155
996 345
996 356
996 91
996 93
996 94
37 36
37 37
37 0
997 1083
997 567
38 638
261 261
261 1674
261 1675
261 1676
998 419
999 1025
999 41
263 263
1000 1018
1000 0
1002 154
1002 47
1002 55
1002 395
1002 1235
1002 97
39 39
39 309
1003 387
264 265
264 709
264 710
266 15
266 16
267 158
267 267
1005 27
1005 1004
1005 277
1005 278
1005 1140
1005 380
1005 1277
1007 1115
1008 1046
1009 1666
1009 1667
1010 886
1010 54
268 4
268 334
268 88
268 93
269 205
269 87
269 93
1011 309
1011 335
1011 349
1011 407
270 270
271 270
271 380
272 270
272 271
272 272
273 179
273 273
273 274
274 179
274 273
274 274
1012 3
1012 355
1012 360
1013 0
1013 614
1015 794
1015 36
1015 1000
1015 304
1016 535
1016 536
275 154
275 55
275 56
276 118
278 277
278 1140
278 1146
279 166
279 817
279 252
279 256
279 257
279 1005
279 277
279 278
279 64
280 56
281 13
1017 219
1018 1119
1018 0
1018 408
1018 465
1019 405
1019 737
1020 154
1020 395
1021 41
1022 843
1022 996
1022 40
1022 354
1022 387
1022 54
1022 1184
1022 91
1022 692
1022 152
1023 843
1023 91
1026 1026
1026 285
1026 40
1026 480
1026 504
1027 1027
1028 191
1029 994
1031 219
1031 554
1032 41
1032 318
1032 320
1032 322
1032 526
1033 164
1033 880
1034 299
1034 422
1036 676
1037 170
1037 219
1037 917
1037 362
1037 456
1038 886
1039 784
1039 223
1039 956
1039 48
282 888
282 282
282 408
282 683
283 282
285 134
287 286
1040 463
1041 382
1041 494
1041 79
288 27
289 676
290 1036
290 676
291 156
291 1036
291 289
291 290
291 293
291 1194
291 82
291 107
291 695
292 289
292 290
292 291
292 293
293 519
293 522
1043 1042
1043 1043
1044 182
1044 0
1044 141
1045 803
1045 96
294 857
294 294
294 641
295 294
295 295
295 586
295 699
1047 1046
1047 1047
1047 42
296 588
1048 613
1049 0
1050 1051
1053 1053
1053 52
1053 60
297 819
297 27
297 261
298 27
298 299
298 54
298 1180
299 160
299 27
299 905
299 298
299 299
1054 429
1054 66
1054 562
1054 93
1054 13
300 788
300 227
300 228
300 234
300 240
300 460
301 317
302 40
1055 1056
1055 1057
1056 1055
1056 1056
1056 1057
1057 1057
1058 270
1058 488
1058 100
1058 107
1059 44
1059 45
1059 121
1059 122
1060 1046
1060 42
1060 1379
1060 1620
303 332
303 134
1061 541
1062 213
1063 472
1064 893
1064 64
1064 84
1064 1584
1064 1586
1064 1587
1064 616
1065 159
1065 261
1065 408
1065 475
1066 345
1066 93
1067 921
1067 922
304 304
1068 443
1068 515
1068 516
1068 517
1069 833
1070 282
1070 530
1070 571
40 422
305 3
305 35
305 280
305 547
305 87
1071 242
1072 762
1072 796
1072 797
1072 798
1073 158
1073 219
1074 316
1074 458
1075 548
1075 549
1076 0
1076 1389
1078 347
1078 66
1078 93
1078 102
1078 103
1078 13
1079 244
1079 1038
1079 1079
1079 0
306 306
306 404
306 411
306 576
306 14
1080 155
1080 328
1080 554
1080 581
1081 226
1081 1081
1081 1166
1082 915
1082 261
1082 42
1082 424
1082 1243
1082 1244
1082 63
1082 64
1082 65
1083 567
307 941
307 942
307 307
307 1090
307 409
1084 158
1084 1084
1085 149
1086 465
308 162
308 1050
308 1051
1087 1087
1087 0
1089 45
1089 77
309 656
311 513
312 2
312 27
312 219
312 309
312 311
312 327
312 67
312 513
313 822
313 938
313 273
313 69
1090 941
1090 942
1090 307
1090 409
1091 985
1091 986
1091 282
1091 0
1091 453
1091 475
1092 985
1092 986
1092 282
1092 1091
1092 0
1092 475
1093 154
1093 55
1094 0
1095 0
1095 1503
1095 674
1096 156
1097 423
1098 156
1098 789
1098 790
1098 791
1098 29
1098 240
1098 243
1098 279
1098 541
1098 702
1098 705
1099 1099
1100 997
1100 1100
1100 0
1100 475
1100 1362
1100 1368
1100 1416
1100 1417
1100 628
1102 55
1102 0
1102 134
1104 37
1104 1103
1104 545
1105 184
1105 115
1107 1107
1108 26
1108 1108
1109 1109
1109 0
1109 1661
1109 13
41 755
41 1200
41 480
41 482
41 83
41 145
42 1046
42 1620
1110 8
1110 9
1111 179
1111 274
1112 204
1112 205
1112 892
1112 268
1112 334
1112 345
1112 358
1112 94
1112 127
1112 728
1112 729
1112 730
315 27
44 957
44 45
44 1192
44 77
45 77
46 923
46 1059
46 44
46 47
46 121
46 122
1114 6
1114 1159
47 47
1115 842
1115 1007
1115 306
1115 404
1115 444
1115 14
1116 1116
316 457
316 458
317 302
317 40
317 545
1117 1233
1117 75
318 303
318 40
318 1147
318 50
318 1177
318 67
318 615
320 303
320 416
320 481
321 303
321 41
321 466
321 132
322 165
322 303
322 319
322 707
1118 222
1118 1019
1118 321
1118 370
1118 373
1118 1252
1118 597
1118 134
1118 138
1119 1018
1119 0
1119 674
1120 769
1120 1604
323 761
323 0
324 760
324 761
326 325
327 8
327 138
328 155
329 179
329 83
330 349
330 54
330 90
330 94
331 649
1121 795
332 2
332 219
332 40
332 54
332 81
1124 237
1124 49
333 26
333 94
334 2
334 345
334 93
1125 1125
1125 87
1125 13
336 4
336 995
336 345
336 349
336 93
336 94
337 330
337 331
337 63
338 341
338 0
338 91
339 37
339 100
1126 42
340 3
340 66
340 93
340 94
341 2
341 342
341 66
342 182
342 0
343 776
343 800
343 529
344 66
344 93
345 2
345 93
348 787
348 230
348 326
348 66
348 85
348 93
348 583
348 138
1127 1195
1127 715
1128 811
1128 883
1128 715
349 2
349 311
349 330
349 337
349 7
349 419
349 90
349 93
349 94
350 94
350 637
351 751
351 562
351 13
352 182
352 332
352 0
352 66
352 93
352 134
353 182
353 330
353 332
353 338
353 341
353 350
353 0
353 66
353 93
353 134
354 2
354 91
354 93
355 2
355 3
355 4
355 204
355 892
355 310
355 345
355 354
355 0
355 66
355 1358
355 91
355 93
355 94
355 95
355 1473
355 729
356 2
356 4
356 193
356 66
356 93
356 94
357 188
357 995
357 345
357 358
357 66
357 93
357 97
358 2
358 204
358 205
358 892
358 93
358 94
358 729
359 359
360 2
360 1012
360 66
360 93
360 94
360 95
360 13
1129 1130
1129 1158
1130 54
1130 55
1130 409
1130 731
361 170
363 170
363 83
1131 234
1131 0
1131 1369
1133 785
1133 0
7 936
7 7
1134 1134
365 0
1135 769
1135 1106
1135 1185
1135 1606
1135 1607
1136 511
1137 0
1137 697
1138 1137
1138 1139
1138 0
1138 1395
1138 697
1139 0
1139 697
1140 277
1140 278
1140 380
1140 656
1141 818
1141 27
1141 54
1141 495
1142 54
1142 0
1142 555
1145 93
1146 277
1146 278
1146 380
1146 443
1146 656
1147 891
1148 198
1148 679
367 1154
1149 13
1150 86
1150 93
1150 13
1151 367
1151 426
1151 1286
1151 112
1152 203
1152 204
1152 205
1152 94
1152 96
1152 127
1153 771
1153 803
1153 188
1153 189
1153 238
1153 282
1153 331
1153 354
1153 358
1153 434
1153 90
1153 93
1153 613
1153 669
1154 525
1156 0
1156 674
1158 949
1159 6
1161 118
369 369
1163 327
1163 483
1163 138
48 267
48 1344
48 1345
1164 341
1164 342
1165 338
1165 341
1165 342
1165 1164
1165 1165
1166 226
1166 1081
370 793
370 817
370 380
370 381
370 52
370 60
370 439
370 634
370 132
370 700
370 718
1167 170
1167 589
371 267
371 48
371 371
372 201
373 177
373 313
373 326
373 395
373 405
373 483
373 620
373 138
1168 50
374 158
374 182
374 201
374 1160
374 1161
374 1162
374 62
374 523
374 575
1169 1169
1170 1170
1171 572
376 157
376 379
378 157
378 376
378 377
378 379
379 157
1172 173
1172 220
1172 69
1172 654
1172 655
1172 147
1173 129
1173 130
1173 666
1173 667
380 154
380 793
380 929
380 240
380 270
380 303
380 380
380 55
380 60
380 438
380 439
381 154
381 929
381 240
381 380
381 381
381 55
381 439
382 382
382 1493
383 383
1174 1174
1174 1284
1174 112
384 384
384 387
384 54
384 603
384 604
1175 199
1175 911
1175 1104
1175 1225
385 708
49 76
50 225
50 226
50 50
386 1049
51 155
51 1019
51 328
51 69
51 134
1176 170
52 27
52 55
52 58
52 60
52 737
388 170
388 361
388 362
388 363
388 364
388 69
389 361
389 566
53 164
53 309
53 52
53 55
53 58
53 132
54 886
54 366
54 369
54 54
54 90
55 154
55 240
55 438
1177 240
1177 416
1177 121
56 154
56 39
56 55
56 499
56 1325
57 793
57 252
57 52
57 58
57 60
58 270
58 303
58 55
58 499
59 55
59 58
59 499
60 737
391 64
1179 1179
392 3
1180 27
1180 972
1180 261
1182 915
1182 993
1182 261
1182 440
1182 65
393 532
394 164
394 170
394 185
394 254
394 362
394 370
394 1271
394 718
1183 161
1183 844
1183 191
1183 27
1183 868
1183 42
1183 650
1183 135
1183 136
395 54
395 1211
1185 1106
1185 1606
1186 926
1186 261
1186 66
1186 85
1186 93
1186 94
1186 13
1187 1156
1187 1157
1187 0
1187 675
396 396
396 661
396 662
396 663
396 151
397 551
398 397
398 0
398 1305
399 399
399 0
399 738
399 739
1188 27
1188 704
1190 27
1190 455
400 209
400 210
400 211
1191 2
1191 3
1191 345
1191 357
1191 125
401 640
402 1024
402 401
402 402
402 403
402 703
403 401
403 471
403 640
403 698
1192 44
1192 45
1192 77
404 306
404 1275
1193 947
1193 415
1193 1308
1193 635
1194 359
1195 1127
1195 387
405 395
1196 860
1196 861
1196 199
1196 1196
1196 106
406 206
0 1018
0 0
0 674
1197 108
1197 110
1198 495
1199 468
1200 416
407 812
407 813
407 814
407 815
407 213
407 309
407 311
407 332
407 7
407 419
407 450
407 651
408 875
408 387
408 0
409 54
409 409
1201 348
1201 1201
1201 93
1201 138
1202 76
410 13
1203 819
1203 1203
411 33
411 416
411 64
411 110
413 218
413 219
413 220
414 205
414 280
414 1125
414 87
414 96
1204 1204
1205 191
1206 1206
1207 385
1207 1204
1207 1205
1207 1206
1207 1207
1207 708
1208 1061
1208 541
415 54
415 65
415 507
1209 772
1209 919
1209 39
1209 270
1209 40
1209 332
1209 55
1209 1237
1209 438
1209 67
1209 483
1209 487
1209 502
1209 519
1209 528
1209 81
1209 109
1209 134
1209 13
1210 1210
417 137
1211 156
1212 596
1213 1213
1214 54
1215 358
1216 1645
1216 1647
420 420
421 2
421 3
421 4
421 330
421 420
421 421
421 87
421 88
421 93
421 94
421 103
1217 1217
1218 320
1218 134
1219 401
1219 640
1220 1220
1220 1249
1221 23
1221 1221
1223 167
1223 172
1223 175
1223 1037
1224 973
1224 119
1224 120
1225 200
1225 905
1225 239
1225 299
1225 300
1225 422
422 584
423 863
423 483
1227 1018
1227 0
1227 1227
1227 1349
1227 1369
1227 1432
1227 1454
1228 1263
1229 997
425 781
425 161
425 981
425 54
425 415
425 1239
425 65
425 507
425 508
425 509
426 64
426 112
426 113
428 64
1231 1231
429 1018
429 0
429 429
429 13
430 430
431 2
431 3
431 91
431 93
431 94
1233 489
1233 75
1234 313
1234 83
432 866
432 906
432 226
432 235
432 1328
432 1329
432 1330
432 1331
432 1332
432 1333
432 1334
432 1335
432 1336
432 1509
432 1511
432 1512
432 1528
432 1529
433 235
1235 154
1235 164
1235 1020
1235 55
1235 395
1235 97
1236 836
1236 341
1236 0
1236 463
435 801
435 264
435 435
435 580
436 284
436 437
436 646
437 284
437 646
1237 772
1237 270
1237 483
1237 487
1238 915
1238 64
1238 65
1239 415
1239 507
1239 508
1240 415
1240 509
1240 112
1240 113
1241 993
1241 54
1241 415
1242 1242
438 154
438 240
439 929
439 380
439 381
440 161
440 390
440 525
441 440
441 601
441 602
61 284
61 646
442 2
442 3
442 4
1243 915
1243 1244
1243 63
1243 1599
1244 47
1244 1244
1244 64
1244 1600
1245 177
1245 228
1245 267
1245 48
1246 1154
1246 54
1246 415
1246 1246
1246 508
1246 1486
1247 1247
443 516
1248 411
1248 557
1248 558
1 875
1249 1220
1250 366
444 842
444 306
444 404
445 1006
446 446
1251 860
1251 861
1251 862
1251 40
1251 565
447 382
447 448
447 1489
448 382
448 1493
448 1494
1252 164
1252 285
1252 321
1252 1118
1252 370
1253 1253
1254 130
1255 303
1255 67
1255 106
1256 90
1257 886
1257 234
1257 366
1257 612
1257 613
1258 715
1259 182
1259 858
452 219
452 296
1261 106
453 0
453 463
454 412
456 26
456 273
456 274
456 726
457 457
457 458
1264 54
1264 556
1264 719
1265 841
1265 208
1265 49
1265 50
1265 76
1266 50
1266 76
1268 966
1268 246
1269 0
1270 1064
1270 64
1270 116
1271 170
1271 362
1271 394
1271 68
1272 877
1272 890
1272 449
1272 1283
1273 228
459 233
459 234
459 54
459 459
459 460
1274 1232
63 64
64 184
64 116
1275 306
9 158
9 2
9 67
9 93
9 138
1276 1276
1277 27
1278 906
1278 76
1279 940
1279 0
1279 453
1279 91
1279 93
1279 103
1280 771
1280 64
1280 66
1280 91
1280 93
1280 94
1280 13
462 30
462 0
1281 54
1282 1087
463 453
464 464
1284 112
1285 1004
1285 1005
1285 525
1286 367
1286 1151
1286 426
1286 112
1286 113
1287 854
1287 933
1288 747
1288 819
1288 1064
1288 54
1289 8
1289 67
1289 117
466 841
466 49
466 50
466 466
466 69
466 76
466 83
466 111
467 196
468 469
469 468
469 469
469 69
470 310
470 488
473 846
473 0
474 182
474 189
474 970
474 1044
474 347
474 0
474 408
474 475
474 477
474 66
474 496
474 497
474 85
474 87
474 93
474 578
474 138
474 13
474 141
474 142
474 144
475 159
475 1065
475 387
475 408
66 66
1291 783
1291 0
1291 531
1291 571
1291 594
1291 733
1291 734
1292 530
478 0
1293 165
1293 41
1293 322
1293 502
1293 109
479 1002
479 55
479 0
480 285
480 40
480 505
480 134
481 63
481 64
481 65
482 173
482 179
482 313
482 314
482 41
482 83
482 134
67 67
483 483
484 416
485 485
486 309
487 483
68 170
68 248
68 249
68 250
1296 45
1296 1181
1296 1226
1296 461
1297 657
489 156
1298 3
1298 189
1298 193
1298 491
1298 93
1298 125
1298 727
69 155
69 173
69 179
69 148
492 492
493 1014
1299 853
494 1141
494 54
494 495
495 1268
1300 0
1300 412
496 189
496 341
496 473
496 474
496 475
496 476
496 477
496 66
496 91
496 141
497 846
497 0
497 408
70 29
498 27
498 261
498 54
499 154
499 55
500 501
501 500
501 501
502 39
502 40
503 40
503 134
504 285
504 40
504 505
504 134
505 285
505 40
505 134
506 106
1301 1301
1301 138
507 415
507 113
508 415
508 507
508 113
511 818
511 510
72 170
72 434
72 68
72 589
512 32
512 566
1302 1065
1302 408
1302 475
1303 874
1304 6
1304 1133
1304 0
1305 0
73 934
73 935
73 999
73 1032
73 41
73 363
73 1198
73 1199
73 1200
73 526
73 83
73 132
12 11
12 12
74 267
74 304
74 48
75 74
513 309
513 310
513 311
513 312
513 43
513 54
513 90
76 49
76 50
1306 754
1306 599
1307 575
514 639
515 443
515 515
515 516
515 517
1308 929
1308 63
1309 0
1309 674
518 158
520 54
521 228
522 293
522 8
522 519
522 595
522 138
522 13
523 158
523 230
523 446
523 520
523 522
523 138
523 706
1310 1315
1310 585
1310 636
1312 29
1312 278
1312 74
1312 1311
1312 1312
1312 535
1313 56
1313 1194
1313 1311
1314 29
1314 1312
1315 976
1315 443
1315 636
1316 977
1316 984
1316 443
1316 516
1316 1574
1316 1631
1316 1635
1316 1636
1316 1637
1316 636
1317 225
1317 226
1317 443
1317 1318
525 54
526 952
526 41
526 417
526 137
527 154
527 863
527 275
527 55
527 56
527 1179
527 504
527 690
528 574
528 121
1319 1232
1319 64
1320 929
1320 251
1320 1321
1321 929
1321 251
1321 1320
77 45
77 77
529 0
530 762
530 365
530 0
530 592
531 1018
531 1119
531 0
531 429
531 530
531 531
531 555
1322 0
1322 10
1322 71
1322 546
1322 697
532 156
1323 164
1323 1323
1323 1396
1323 81
533 533
1324 1324
1325 154
536 1016
536 607
537 2
537 330
537 93
537 103
1326 980
1326 443
1326 1631
1326 1632
1326 636
1327 27
1327 110
538 182
538 678
539 538
539 678
540 182
540 0
540 538
540 539
540 678
1328 50
1328 76
1329 906
1329 1336
1330 906
1330 1331
1330 1333
1330 1337
1331 1330
1331 1333
1332 906
1333 906
1333 1334
1333 1335
1334 906
1334 1335
1336 906
541 240
1337 1338
1340 1337
1340 1338
1340 1339
1340 606
1342 994
1343 267
1344 267
1345 267
1345 1344
1346 341
1346 1566
1347 1038
1347 1079
1348 1348
1348 105
1349 1018
1349 0
1349 453
1349 463
1349 1349
1349 1369
1350 1612
1353 0
1353 1662
1353 674
1354 0
1355 0
1357 0
1358 182
1358 858
1359 182
1359 30
1359 0
1359 538
1359 539
1359 540
1359 573
1359 738
1359 741
1359 742
1360 0
1361 1018
1361 0
1361 1361
1362 875
1362 0
1362 686
1363 0
1363 741
1364 159
1364 182
1364 0
1364 408
1364 453
1364 475
1364 674
1364 675
1365 762
1365 659
1367 182
1368 296
1369 884
1369 338
1369 1131
1369 1132
1369 453
1369 540
1369 562
1369 567
1369 578
1370 1309
1370 674
1370 688
1371 30
1371 0
1372 0
1372 1355
1372 1371
1373 551
1374 1374
1374 688
1375 0
1376 1304
1376 1562
542 1056
542 1057
1377 1377
1377 1381
1377 743
1378 1046
1378 1380
1378 1381
1378 743
1379 1008
1379 1046
1379 745
1380 42
1380 1377
1380 1378
1380 743
1381 1046
1381 1377
1381 1378
1381 1380
1381 743
1381 745
1383 776
1383 796
1383 529
1383 1384
1384 776
1384 529
1385 776
1385 796
1385 0
1385 529
1385 530
1385 531
1385 1383
1385 1384
1385 1388
1386 776
1386 796
1386 529
1386 531
1386 1384
1386 1385
1386 1388
1387 762
1387 776
1387 796
1387 282
1387 283
1387 0
1387 529
1387 530
1387 593
1387 594
1388 0
1388 529
1388 530
1388 531
1389 0
1389 531
1389 1361
1390 762
1390 776
1390 796
1390 951
1390 282
1390 283
1390 0
1390 529
1390 530
1390 531
1390 1382
1390 1383
1390 1384
1390 1385
1390 1386
1390 1387
1390 571
1390 593
1390 594
1391 776
1391 282
1391 1087
1391 343
1391 529
543 544
543 119
544 173
544 219
544 458
544 543
544 544
544 119
1392 1392
1393 608
1394 249
1394 40
1394 311
1394 480
1394 68
1394 145
1395 1137
1395 1138
1395 1139
1395 0
1395 546
1395 697
1395 151
1396 164
1396 1323
1396 81
1397 904
1397 960
546 887
546 0
546 71
546 697
547 2
547 547
547 93
548 1075
548 548
548 549
549 548
80 45
550 239
550 300
550 483
550 519
550 575
550 107
551 1373
551 551
552 781
552 979
552 981
552 262
552 1154
552 415
552 424
552 425
552 426
552 1238
552 1239
552 1240
552 1241
552 65
552 481
552 507
552 508
552 509
552 112
552 113
1398 251
1398 420
1399 898
1399 420
1400 979
1400 981
1400 420
1400 1400
1400 1401
1401 420
1401 1399
1402 40
1403 40
1403 1402
1403 105
1403 651
553 138
553 701
1404 325
1405 0
1406 1076
1406 429
1406 1405
1406 1407
1407 429
1407 1405
1407 1406
1409 1018
1409 282
1409 1040
1409 0
1409 530
1409 531
1409 1409
1409 555
1410 529
1411 1076
1411 0
1411 529
1411 1410
1411 1411
1412 904
1412 399
1412 0
1412 688
1412 739
1413 783
1413 796
1413 798
1413 531
1413 1389
1413 1405
1413 1413
1413 1416
1413 1426
1413 1427
1413 592
1413 593
1413 721
1413 722
1413 733
1414 282
1414 0
1414 1408
1414 721
1415 567
1416 296
1416 1127
1416 0
1416 1368
1416 688
1417 997
1417 1418
1418 1040
1418 0
1418 1415
1419 1412
1420 625
1421 1361
1422 1422
1422 1423
1423 1422
1424 1424
1424 1425
1425 397
1425 399
1425 0
1425 1424
1425 721
1426 530
1426 592
1426 721
1427 531
1427 1389
1427 1413
1428 530
1428 1413
1428 1429
1428 721
1429 783
1429 1389
1429 1413
1429 1428
1429 594
1429 721
1429 722
1430 734
1431 997
1431 269
1431 1018
1431 282
1431 1040
1431 1119
1431 1142
1431 1143
1431 1144
1431 54
1431 0
1431 529
1431 530
1431 531
1431 555
1431 93
1431 571
1431 575
1431 592
1431 672
1431 674
1431 688
1431 721
1431 732
1431 734
1431 735
1432 0
1432 453
1433 1433
1434 997
1434 1229
1434 1417
1434 1418
1435 1076
1435 531
1435 1389
1435 722
1435 735
1436 0
1436 453
1436 539
1436 1408
1436 593
1437 0
1437 529
1438 0
1438 1361
1438 1368
1438 1416
1440 1440
1441 0
1441 1354
1442 0
1443 429
1443 497
1443 1443
1443 93
1443 13
1444 888
1444 1300
1444 1367
1445 1018
1445 365
81 422
1447 1447
554 26
554 219
554 328
554 329
554 83
555 1018
555 530
555 531
1448 295
1448 1448
1449 158
1449 1084
1449 58
1449 1449
1450 134
557 749
557 411
558 411
558 110
559 559
1451 0
1451 478
1451 1451
560 1231
1454 811
1454 182
1454 1119
1454 1145
1454 0
1454 478
1454 497
1454 539
1454 1361
1454 1375
1454 1432
1454 1451
1454 1452
1454 1453
1454 674
1454 144
1455 465
1456 429
561 164
561 213
561 36
561 408
561 450
561 486
561 109
1457 875
1457 1361
1458 143
1458 144
1459 22
1459 797
1459 971
1459 337
1459 351
1459 363
1459 429
1459 562
1459 599
1459 625
1459 13
1460 429
1461 0
1461 674
562 429
562 453
562 562
563 971
563 986
563 1100
563 342
563 0
563 1269
563 463
563 475
563 1290
1462 991
1462 1463
1463 990
1463 1463
1463 1680
83 173
83 179
83 26
83 554
84 1585
84 1586
84 1587
1464 656
565 1341
85 957
85 66
85 93
85 13
86 992
86 85
87 93
87 98
88 334
89 2
89 3
1466 1466
90 261
90 66
90 93
90 94
91 2
91 354
91 66
91 93
91 94
91 579
92 345
92 356
92 66
92 93
93 66
93 85
93 13
94 3
94 66
94 85
94 93
95 93
95 94
95 13
96 2
96 269
96 340
96 357
96 66
96 87
96 88
96 93
96 97
97 349
98 2
98 345
98 349
98 93
566 389
566 65
566 512
567 1269
568 569
569 261
569 54
1467 54
570 199
571 531
571 721
571 722
1469 1468
1470 1468
1470 1469
1471 1122
1471 1123
1471 411
573 182
573 539
573 678
1472 1000
1472 152
1473 94
1474 1474
1475 1474
1476 27
1476 975
1476 66
1476 94
1477 345
1477 93
1478 336
1478 345
1478 93
1478 1477
1478 1478
1479 1009
1479 1479
1479 1483
1479 687
1480 1009
1480 1479
1480 1484
1481 1009
1482 66
1482 93
1483 1483
1484 261
1485 1052
1487 261
1487 369
1487 498
1487 1486
1487 1487
100 270
100 488
100 134
574 230
1488 382
1488 1493
1489 382
1489 1493
1490 382
1490 1490
1491 1492
1492 1491
1492 1492
1494 382
1494 150
1495 382
1495 448
1495 1494
101 100
101 101
575 154
575 885
575 241
575 55
575 534
575 539
1496 1133
1496 0
1497 1133
1497 0
1498 1133
1498 0
1499 1133
1499 0
1499 1496
1499 1497
1499 1499
576 1115
1500 154
1500 55
1501 893
1501 390
1502 949
1502 950
1502 390
102 156
102 94
102 103
577 303
577 8
577 490
577 138
578 182
578 342
578 538
578 539
578 540
579 794
579 579
579 584
1503 0
1503 688
1503 736
1504 50
1505 309
1505 1222
1506 889
1506 54
1508 1508
1509 1513
580 264
580 410
1510 1514
1511 866
1511 226
1511 50
1511 1328
1512 866
1512 235
1512 432
1512 1507
1512 1509
1512 1513
1512 1514
1512 1517
1512 1527
1512 1531
1512 1532
1512 1541
1512 1542
1513 432
1514 1514
1514 1517
1515 235
581 155
581 219
581 313
581 328
581 329
581 554
581 83
1516 1156
1516 1187
1516 675
1517 235
1517 1517
1517 1518
1517 1519
1518 1514
1518 1517
1519 1514
1519 1517
1519 1535
1520 1006
1520 1525
1521 866
1521 1006
1521 14
1523 1523
1525 165
1525 841
1525 1006
1525 427
1525 64
1525 1281
1525 1520
1525 1521
1525 1522
1525 1523
1525 1524
1526 832
1526 235
1526 1509
1526 1517
1526 1518
1527 235
1527 1509
1527 1531
1531 1509
1532 1517
1533 1510
1533 1532
1533 1533
1533 1534
1534 1532
1534 1545
1535 1517
1535 1530
582 2
582 583
583 230
583 93
583 583
1537 1528
1537 1529
1537 1536
1537 1543
1538 1514
1539 906
1539 1508
1539 1540
584 13
1542 866
1542 1527
1543 235
1543 1509
1543 1517
1543 1528
1543 1536
1543 1537
1544 1278
1545 1514
1546 235
1546 432
1546 433
1547 832
1547 235
1547 1509
1547 1514
1547 1517
1548 235
1548 433
1548 1512
1548 1540
1548 1546
1548 116
1549 1514
1549 1538
1549 1550
1550 1514
1550 1538
1550 1549
1551 50
1551 1328
1552 1330
1553 0
1553 1304
1553 143
1554 1133
1555 0
1555 1305
1556 30
1556 6
1556 1156
1556 0
1556 1304
1556 1553
1556 1554
1556 1555
1557 6
1557 1304
1557 1553
1557 1554
1557 1556
1557 1557
1557 1558
1558 875
1558 1554
1558 1557
1558 1560
1558 1561
1559 1303
1559 1304
1559 1376
1559 1553
1560 0
1560 1451
1561 30
1561 1304
1561 1554
1561 1557
1562 1133
1562 0
1562 1304
1562 143
1563 1563
1563 1564
1563 1565
1564 1563
1564 1564
1565 1564
1566 27
1567 819
1567 261
1568 27
1568 299
1569 819
1569 261
1570 891
1570 1147
585 585
585 586
585 587
1571 971
1572 1065
1572 476
1572 477
1572 1432
1572 567
1572 1572
587 586
1573 408
1574 225
1574 443
1574 1318
1574 1326
1574 636
1575 857
1575 977
1575 443
1575 1318
1575 586
1575 1574
1575 1630
1575 1631
1575 636
104 179
104 692
104 153
1576 788
1576 890
1576 449
1576 1283
1577 54
1577 1578
1578 1577
1579 1579
1580 765
1581 945
589 165
589 170
589 303
589 434
590 51
590 57
590 134
591 39
591 330
591 337
591 1177
1583 183
1583 184
1583 1105
1583 115
105 285
105 134
592 0
592 1361
592 688
592 736
593 0
593 530
593 592
594 0
594 530
594 571
594 592
594 688
594 732
594 733
594 734
594 735
595 325
595 55
595 56
595 499
597 8
598 781
598 1294
599 0
600 179
601 415
601 440
601 441
602 441
602 680
1584 84
1585 1006
1585 93
1586 1506
1586 1587
1587 1506
1587 1586
603 384
604 384
604 603
605 605
1588 1006
1588 1064
1588 84
1588 1506
1588 1584
1589 1064
1589 84
607 1230
108 110
111 841
111 49
111 1265
111 1266
111 76
112 161
112 367
112 379
112 415
112 426
112 428
112 64
112 65
112 113
113 367
113 1154
1590 1077
1590 1191
1590 103
1591 94
1593 0
1594 906
1594 1594
1595 261
1595 1595
1595 1598
1596 299
1596 64
1596 90
1596 1595
1596 1596
1596 1598
1597 297
1597 1597
1597 656
1598 261
1598 299
1598 64
1598 90
1598 1595
1598 1596
609 55
609 82
610 155
610 171
610 179
610 199
1599 1244
1599 1600
1600 64
611 155
611 69
1601 337
1601 591
1601 648
1602 93
1603 379
1605 747
1605 387
1607 954
1607 1135
1607 1136
1608 1608
1609 1055
1609 1056
1609 1057
1609 542
1609 1465
1609 1610
1610 1055
1610 1056
1610 1057
1610 542
1610 1609
1611 54
1611 608
114 820
114 183
114 184
114 114
115 183
115 184
115 1105
115 1281
115 114
116 1547
116 1548
117 859
117 40
117 8
117 67
612 886
612 234
612 366
612 613
613 1113
118 40
118 632
119 107
614 962
614 1013
614 0
1612 1350
615 303
615 40
1613 1613
1614 1614
616 27
616 1064
616 64
617 100
617 107
120 118
120 717
618 262
618 64
618 65
619 619
1615 30
1615 0
1616 847
1616 1612
1617 1617
1618 1046
1618 42
1618 1620
1619 1046
1620 1046
1620 42
1620 1379
1620 1620
1621 1046
1621 42
1621 1379
1621 1620
1622 1622
620 325
620 326
620 395
620 483
620 746
121 39
1623 116
621 621
622 622
622 623
622 624
623 269
623 624
624 6
1624 1624
1625 1625
625 875
625 1457
625 674
1626 1030
1626 1626
1627 154
1628 1628
626 161
626 27
626 261
626 54
626 80
626 90
1629 1632
1630 443
1631 980
1631 1630
1631 636
1632 225
1632 443
1632 1318
1632 1326
1633 976
1633 980
1633 586
1633 1630
1633 636
1634 983
1634 1631
1634 636
1635 443
1635 636
1637 443
1637 1316
1637 1317
1637 111
627 47
628 178
628 54
629 2
629 269
629 88
629 94
629 95
629 96
629 630
630 96
632 40
632 1179
124 27
124 261
124 498
633 209
633 210
633 211
634 793
634 817
634 947
634 251
634 381
634 52
634 58
634 60
634 439
634 635
635 253
635 303
635 635
636 225
636 226
636 983
636 443
636 1574
636 1632
1638 32
638 1001
638 580
1640 819
1640 1638
1641 1641
1642 927
1643 261
1646 928
639 514
125 269
125 88
125 93
125 125
126 3
127 892
127 358
127 1215
127 729
128 2
640 1190
1647 1216
1647 1645
641 294
642 864
642 642
643 645
644 645
1648 1648
1649 1046
1649 1047
1649 42
1650 954
647 759
129 130
129 666
1651 1650
1652 64
130 129
130 130
1653 1178
1654 65
1655 2
1655 188
1655 93
648 3
650 369
650 135
651 925
651 651
1656 1656
1657 123
1657 124
1658 1650
1658 1651
653 652
654 173
654 218
654 219
654 69
655 756
655 1172
655 69
655 147
655 148
656 27
656 656
1659 747
1659 381
1659 52
1659 58
1659 60
1660 27
1660 357
1660 66
1660 1660
658 396
658 661
658 662
658 663
658 151
659 875
659 0
659 661
659 663
660 396
660 663
661 396
662 396
662 658
662 660
662 662
662 663
662 151
663 396
663 661
663 662
1661 1109
1661 1661
131 71
1662 0
1662 1309
1663 0
1664 41
1664 318
1664 391
1664 417
1664 428
1664 64
1664 83
1664 615
1664 616
1664 617
1664 618
1664 121
1664 122
1664 137
664 67
665 155
665 665
666 666
667 129
667 666
132 320
1665 273
669 434
1666 757
1666 179
1666 897
1666 1009
1666 1158
1666 556
1667 1009
1667 1355
670 1018
670 674
1669 1668
1670 1351
671 54
671 397
671 671
671 672
671 673
672 269
672 93
673 54
673 0
133 2
133 355
133 91
134 692
1671 1671
676 37
676 48
676 1262
677 575
678 182
678 538
678 106
679 194
679 195
1672 1672
681 303
682 201
682 99
684 390
684 684
685 685
1673 1046
1673 1122
686 27
1674 1675
1676 261
1676 1674
1676 1675
1677 1679
1678 27
1679 1674
1679 1675
1679 1676
688 0
689 863
689 1100
691 154
1680 1463
692 692
135 613
135 135
136 135
136 136
137 230
693 1109
693 0
694 779
694 953
694 289
694 292
694 293
695 155
695 156
695 173
695 219
695 255
696 245
696 246
138 158
138 67
138 692
697 546
698 401
698 402
698 471
698 640
139 24
699 295
699 586
140 55
140 595
140 596
700 793
700 252
1681 448
1681 1488
1681 1494
13 1000
13 1018
13 0
141 182
141 1044
141 0
141 408
141 475
141 66
141 85
141 93
141 578
141 144
144 182
144 91
144 141
144 143
1682 537
1682 103
1682 669
701 138
146 775
146 2
146 934
146 269
146 303
146 41
146 318
146 320
146 322
146 373
146 387
146 55
146 394
146 417
146 418
146 64
146 88
146 91
146 93
146 112
146 122
146 13
1683 631
1684 186
702 280
14 54
14 1267
14 79
14 80
14 656
14 723
703 401
703 402
703 403
1685 215
704 27
704 54
707 163
707 303
707 318
708 866
708 385
708 1327
708 708
1686 872
1686 1686
709 801
709 265
709 580
710 264
710 265
710 266
710 267
711 2
711 4
711 93
712 54
713 69
714 299
714 94
714 1591
714 1592
714 714
715 27
717 118
717 632
15 16
718 252
718 380
718 381
718 52
718 57
718 132
720 565
721 776
721 785
721 800
721 888
721 997
721 1018
721 282
721 1076
721 1144
721 397
721 399
721 0
721 1229
721 429
721 478
721 1295
721 529
721 530
721 531
721 1354
721 1361
721 1368
721 1384
721 1389
721 1408
721 1414
721 1415
721 1421
721 1424
721 1425
721 1435
721 1439
721 1443
721 1444
721 1445
721 1446
721 555
721 571
721 592
721 674
721 683
721 721
721 722
721 735
722 1361
1687 261
1687 1639
1688 27
1689 1128
1689 1189
1689 64
1690 27
1691 27
1691 54
1691 1214
1692 27
1692 261
1693 1009
1693 1479
147 756
147 757
147 219
147 654
147 148
1694 54
148 155
148 219
724 801
724 265
724 410
724 580
725 284
725 435
725 436
725 437
726 273
726 274
726 1111
726 726
727 2
727 843
727 188
727 940
727 325
727 334
727 347
727 1279
727 66
727 88
727 93
727 94
727 102
727 103
727 125
727 13
1695 632
1695 677
728 355
728 579
728 127
729 2
729 204
729 354
729 91
729 93
729 94
729 579
729 613
729 13
730 2
730 205
730 892
730 268
730 334
730 341
730 345
730 354
730 358
730 1152
730 1153
730 91
730 579
730 127
730 133
730 728
730 729
150 382
151 659
151 661
151 663
731 54
731 556
1696 59
1696 60
732 555
732 575
732 593
733 0
733 530
733 531
733 571
733 592
733 674
733 688
733 732
733 734
733 735
734 1040
734 87
734 96
734 735
735 158
735 0
735 429
735 1361
735 1368
735 1416
735 1438
735 13
152 106
737 134
739 0
739 739
740 158
740 94
740 692
741 738
742 0
742 674
1697 819
1697 1024
1698 807
1698 195
1698 198
1699 903
1700 458
1700 69
1700 713
743 42
743 1379
744 45
744 1181
744 461
744 77
745 1008
745 1046
